{
 "cells": [
  {
   "cell_type": "markdown",
   "id": "6edf26d3-2024-4f4d-918e-fa2383edcf40",
   "metadata": {},
   "source": [
    "# Install seaborn library if it wasn't available"
   ]
  },
  {
   "cell_type": "code",
   "execution_count": 4,
   "id": "f9377f0f-bfc7-4bf6-8e4a-89cf3d6f3bb4",
   "metadata": {},
   "outputs": [
    {
     "name": "stdout",
     "output_type": "stream",
     "text": [
      "Requirement already satisfied: seaborn in c:\\tools\\anaconda3\\envs\\lambton\\lib\\site-packages (0.11.1)\n",
      "Requirement already satisfied: matplotlib>=2.2 in c:\\tools\\anaconda3\\envs\\lambton\\lib\\site-packages (from seaborn) (3.3.4)\n",
      "Requirement already satisfied: numpy>=1.15 in c:\\tools\\anaconda3\\envs\\lambton\\lib\\site-packages (from seaborn) (1.20.2)\n",
      "Requirement already satisfied: pandas>=0.23 in c:\\tools\\anaconda3\\envs\\lambton\\lib\\site-packages (from seaborn) (1.2.4)\n",
      "Requirement already satisfied: scipy>=1.0 in c:\\tools\\anaconda3\\envs\\lambton\\lib\\site-packages (from seaborn) (1.6.2)\n",
      "Requirement already satisfied: kiwisolver>=1.0.1 in c:\\tools\\anaconda3\\envs\\lambton\\lib\\site-packages (from matplotlib>=2.2->seaborn) (1.3.1)\n",
      "Requirement already satisfied: cycler>=0.10 in c:\\tools\\anaconda3\\envs\\lambton\\lib\\site-packages (from matplotlib>=2.2->seaborn) (0.10.0)\n",
      "Requirement already satisfied: pillow>=6.2.0 in c:\\tools\\anaconda3\\envs\\lambton\\lib\\site-packages (from matplotlib>=2.2->seaborn) (8.2.0)\n",
      "Requirement already satisfied: python-dateutil>=2.1 in c:\\tools\\anaconda3\\envs\\lambton\\lib\\site-packages (from matplotlib>=2.2->seaborn) (2.8.1)\n",
      "Requirement already satisfied: pyparsing!=2.0.4,!=2.1.2,!=2.1.6,>=2.0.3 in c:\\tools\\anaconda3\\envs\\lambton\\lib\\site-packages (from matplotlib>=2.2->seaborn) (2.4.7)\n",
      "Requirement already satisfied: six in c:\\tools\\anaconda3\\envs\\lambton\\lib\\site-packages (from cycler>=0.10->matplotlib>=2.2->seaborn) (1.15.0)\n",
      "Requirement already satisfied: pytz>=2017.3 in c:\\tools\\anaconda3\\envs\\lambton\\lib\\site-packages (from pandas>=0.23->seaborn) (2021.1)\n"
     ]
    }
   ],
   "source": [
    "!pip install seaborn"
   ]
  },
  {
   "cell_type": "markdown",
   "id": "a6d5c9f9-e959-4a64-9278-39ae73e011f2",
   "metadata": {},
   "source": [
    "# Load libraries"
   ]
  },
  {
   "cell_type": "code",
   "execution_count": 57,
   "id": "8321f65f-10e7-43ff-b7aa-c356d61f2b25",
   "metadata": {},
   "outputs": [],
   "source": [
    "import numpy as np\n",
    "import pandas as pd"
   ]
  },
  {
   "cell_type": "markdown",
   "id": "5fcebebb-ef00-4dbb-a136-9154893cad31",
   "metadata": {},
   "source": [
    "# Load the data"
   ]
  },
  {
   "cell_type": "code",
   "execution_count": 58,
   "id": "4492c350-f9c2-42a6-a6b5-fae2ce8cc8a0",
   "metadata": {},
   "outputs": [],
   "source": [
    "data=pd.read_csv('./mtcars.csv')"
   ]
  },
  {
   "cell_type": "markdown",
   "id": "0b16b944-e06d-46b1-b4f5-de2d7a3ac3a6",
   "metadata": {},
   "source": [
    "# Visualize data"
   ]
  },
  {
   "cell_type": "code",
   "execution_count": 59,
   "id": "cce85b21-8d9b-41e2-b85e-a7fbb8958a9d",
   "metadata": {},
   "outputs": [
    {
     "data": {
      "text/html": [
       "<div>\n",
       "<style scoped>\n",
       "    .dataframe tbody tr th:only-of-type {\n",
       "        vertical-align: middle;\n",
       "    }\n",
       "\n",
       "    .dataframe tbody tr th {\n",
       "        vertical-align: top;\n",
       "    }\n",
       "\n",
       "    .dataframe thead th {\n",
       "        text-align: right;\n",
       "    }\n",
       "</style>\n",
       "<table border=\"1\" class=\"dataframe\">\n",
       "  <thead>\n",
       "    <tr style=\"text-align: right;\">\n",
       "      <th></th>\n",
       "      <th>model</th>\n",
       "      <th>mpg</th>\n",
       "      <th>cyl</th>\n",
       "      <th>disp</th>\n",
       "      <th>hp</th>\n",
       "      <th>drat</th>\n",
       "      <th>wt</th>\n",
       "      <th>qsec</th>\n",
       "      <th>vs</th>\n",
       "      <th>am</th>\n",
       "      <th>gear</th>\n",
       "      <th>carb</th>\n",
       "    </tr>\n",
       "  </thead>\n",
       "  <tbody>\n",
       "    <tr>\n",
       "      <th>0</th>\n",
       "      <td>Mazda RX4</td>\n",
       "      <td>21.0</td>\n",
       "      <td>6</td>\n",
       "      <td>160.0</td>\n",
       "      <td>110</td>\n",
       "      <td>3.90</td>\n",
       "      <td>2.620</td>\n",
       "      <td>16.46</td>\n",
       "      <td>0</td>\n",
       "      <td>1</td>\n",
       "      <td>4</td>\n",
       "      <td>4</td>\n",
       "    </tr>\n",
       "    <tr>\n",
       "      <th>1</th>\n",
       "      <td>Mazda RX4 Wag</td>\n",
       "      <td>21.0</td>\n",
       "      <td>6</td>\n",
       "      <td>160.0</td>\n",
       "      <td>110</td>\n",
       "      <td>3.90</td>\n",
       "      <td>2.875</td>\n",
       "      <td>17.02</td>\n",
       "      <td>0</td>\n",
       "      <td>1</td>\n",
       "      <td>4</td>\n",
       "      <td>4</td>\n",
       "    </tr>\n",
       "    <tr>\n",
       "      <th>2</th>\n",
       "      <td>Datsun 710</td>\n",
       "      <td>22.8</td>\n",
       "      <td>4</td>\n",
       "      <td>108.0</td>\n",
       "      <td>93</td>\n",
       "      <td>3.85</td>\n",
       "      <td>2.320</td>\n",
       "      <td>18.61</td>\n",
       "      <td>1</td>\n",
       "      <td>1</td>\n",
       "      <td>4</td>\n",
       "      <td>1</td>\n",
       "    </tr>\n",
       "    <tr>\n",
       "      <th>3</th>\n",
       "      <td>Hornet 4 Drive</td>\n",
       "      <td>21.4</td>\n",
       "      <td>6</td>\n",
       "      <td>258.0</td>\n",
       "      <td>110</td>\n",
       "      <td>3.08</td>\n",
       "      <td>3.215</td>\n",
       "      <td>19.44</td>\n",
       "      <td>1</td>\n",
       "      <td>0</td>\n",
       "      <td>3</td>\n",
       "      <td>1</td>\n",
       "    </tr>\n",
       "    <tr>\n",
       "      <th>4</th>\n",
       "      <td>Hornet Sportabout</td>\n",
       "      <td>18.7</td>\n",
       "      <td>8</td>\n",
       "      <td>360.0</td>\n",
       "      <td>175</td>\n",
       "      <td>3.15</td>\n",
       "      <td>3.440</td>\n",
       "      <td>17.02</td>\n",
       "      <td>0</td>\n",
       "      <td>0</td>\n",
       "      <td>3</td>\n",
       "      <td>2</td>\n",
       "    </tr>\n",
       "  </tbody>\n",
       "</table>\n",
       "</div>"
      ],
      "text/plain": [
       "               model   mpg  cyl   disp   hp  drat     wt   qsec  vs  am  gear  \\\n",
       "0          Mazda RX4  21.0    6  160.0  110  3.90  2.620  16.46   0   1     4   \n",
       "1      Mazda RX4 Wag  21.0    6  160.0  110  3.90  2.875  17.02   0   1     4   \n",
       "2         Datsun 710  22.8    4  108.0   93  3.85  2.320  18.61   1   1     4   \n",
       "3     Hornet 4 Drive  21.4    6  258.0  110  3.08  3.215  19.44   1   0     3   \n",
       "4  Hornet Sportabout  18.7    8  360.0  175  3.15  3.440  17.02   0   0     3   \n",
       "\n",
       "   carb  \n",
       "0     4  \n",
       "1     4  \n",
       "2     1  \n",
       "3     1  \n",
       "4     2  "
      ]
     },
     "execution_count": 59,
     "metadata": {},
     "output_type": "execute_result"
    }
   ],
   "source": [
    "data.head()"
   ]
  },
  {
   "cell_type": "code",
   "execution_count": 60,
   "id": "cf642f52-d6d5-4108-ab85-d18747393497",
   "metadata": {},
   "outputs": [
    {
     "data": {
      "text/html": [
       "<div>\n",
       "<style scoped>\n",
       "    .dataframe tbody tr th:only-of-type {\n",
       "        vertical-align: middle;\n",
       "    }\n",
       "\n",
       "    .dataframe tbody tr th {\n",
       "        vertical-align: top;\n",
       "    }\n",
       "\n",
       "    .dataframe thead th {\n",
       "        text-align: right;\n",
       "    }\n",
       "</style>\n",
       "<table border=\"1\" class=\"dataframe\">\n",
       "  <thead>\n",
       "    <tr style=\"text-align: right;\">\n",
       "      <th></th>\n",
       "      <th>mpg</th>\n",
       "      <th>cyl</th>\n",
       "      <th>disp</th>\n",
       "      <th>hp</th>\n",
       "      <th>drat</th>\n",
       "      <th>wt</th>\n",
       "      <th>qsec</th>\n",
       "      <th>vs</th>\n",
       "      <th>am</th>\n",
       "      <th>gear</th>\n",
       "      <th>carb</th>\n",
       "    </tr>\n",
       "  </thead>\n",
       "  <tbody>\n",
       "    <tr>\n",
       "      <th>mpg</th>\n",
       "      <td>1.000000</td>\n",
       "      <td>-0.852162</td>\n",
       "      <td>-0.847551</td>\n",
       "      <td>-0.776168</td>\n",
       "      <td>0.681172</td>\n",
       "      <td>-0.867659</td>\n",
       "      <td>0.418684</td>\n",
       "      <td>0.664039</td>\n",
       "      <td>0.599832</td>\n",
       "      <td>0.480285</td>\n",
       "      <td>-0.550925</td>\n",
       "    </tr>\n",
       "    <tr>\n",
       "      <th>cyl</th>\n",
       "      <td>-0.852162</td>\n",
       "      <td>1.000000</td>\n",
       "      <td>0.902033</td>\n",
       "      <td>0.832447</td>\n",
       "      <td>-0.699938</td>\n",
       "      <td>0.782496</td>\n",
       "      <td>-0.591242</td>\n",
       "      <td>-0.810812</td>\n",
       "      <td>-0.522607</td>\n",
       "      <td>-0.492687</td>\n",
       "      <td>0.526988</td>\n",
       "    </tr>\n",
       "    <tr>\n",
       "      <th>disp</th>\n",
       "      <td>-0.847551</td>\n",
       "      <td>0.902033</td>\n",
       "      <td>1.000000</td>\n",
       "      <td>0.790949</td>\n",
       "      <td>-0.710214</td>\n",
       "      <td>0.887980</td>\n",
       "      <td>-0.433698</td>\n",
       "      <td>-0.710416</td>\n",
       "      <td>-0.591227</td>\n",
       "      <td>-0.555569</td>\n",
       "      <td>0.394977</td>\n",
       "    </tr>\n",
       "    <tr>\n",
       "      <th>hp</th>\n",
       "      <td>-0.776168</td>\n",
       "      <td>0.832447</td>\n",
       "      <td>0.790949</td>\n",
       "      <td>1.000000</td>\n",
       "      <td>-0.448759</td>\n",
       "      <td>0.658748</td>\n",
       "      <td>-0.708223</td>\n",
       "      <td>-0.723097</td>\n",
       "      <td>-0.243204</td>\n",
       "      <td>-0.125704</td>\n",
       "      <td>0.749812</td>\n",
       "    </tr>\n",
       "    <tr>\n",
       "      <th>drat</th>\n",
       "      <td>0.681172</td>\n",
       "      <td>-0.699938</td>\n",
       "      <td>-0.710214</td>\n",
       "      <td>-0.448759</td>\n",
       "      <td>1.000000</td>\n",
       "      <td>-0.712441</td>\n",
       "      <td>0.091205</td>\n",
       "      <td>0.440278</td>\n",
       "      <td>0.712711</td>\n",
       "      <td>0.699610</td>\n",
       "      <td>-0.090790</td>\n",
       "    </tr>\n",
       "    <tr>\n",
       "      <th>wt</th>\n",
       "      <td>-0.867659</td>\n",
       "      <td>0.782496</td>\n",
       "      <td>0.887980</td>\n",
       "      <td>0.658748</td>\n",
       "      <td>-0.712441</td>\n",
       "      <td>1.000000</td>\n",
       "      <td>-0.174716</td>\n",
       "      <td>-0.554916</td>\n",
       "      <td>-0.692495</td>\n",
       "      <td>-0.583287</td>\n",
       "      <td>0.427606</td>\n",
       "    </tr>\n",
       "    <tr>\n",
       "      <th>qsec</th>\n",
       "      <td>0.418684</td>\n",
       "      <td>-0.591242</td>\n",
       "      <td>-0.433698</td>\n",
       "      <td>-0.708223</td>\n",
       "      <td>0.091205</td>\n",
       "      <td>-0.174716</td>\n",
       "      <td>1.000000</td>\n",
       "      <td>0.744535</td>\n",
       "      <td>-0.229861</td>\n",
       "      <td>-0.212682</td>\n",
       "      <td>-0.656249</td>\n",
       "    </tr>\n",
       "    <tr>\n",
       "      <th>vs</th>\n",
       "      <td>0.664039</td>\n",
       "      <td>-0.810812</td>\n",
       "      <td>-0.710416</td>\n",
       "      <td>-0.723097</td>\n",
       "      <td>0.440278</td>\n",
       "      <td>-0.554916</td>\n",
       "      <td>0.744535</td>\n",
       "      <td>1.000000</td>\n",
       "      <td>0.168345</td>\n",
       "      <td>0.206023</td>\n",
       "      <td>-0.569607</td>\n",
       "    </tr>\n",
       "    <tr>\n",
       "      <th>am</th>\n",
       "      <td>0.599832</td>\n",
       "      <td>-0.522607</td>\n",
       "      <td>-0.591227</td>\n",
       "      <td>-0.243204</td>\n",
       "      <td>0.712711</td>\n",
       "      <td>-0.692495</td>\n",
       "      <td>-0.229861</td>\n",
       "      <td>0.168345</td>\n",
       "      <td>1.000000</td>\n",
       "      <td>0.794059</td>\n",
       "      <td>0.057534</td>\n",
       "    </tr>\n",
       "    <tr>\n",
       "      <th>gear</th>\n",
       "      <td>0.480285</td>\n",
       "      <td>-0.492687</td>\n",
       "      <td>-0.555569</td>\n",
       "      <td>-0.125704</td>\n",
       "      <td>0.699610</td>\n",
       "      <td>-0.583287</td>\n",
       "      <td>-0.212682</td>\n",
       "      <td>0.206023</td>\n",
       "      <td>0.794059</td>\n",
       "      <td>1.000000</td>\n",
       "      <td>0.274073</td>\n",
       "    </tr>\n",
       "    <tr>\n",
       "      <th>carb</th>\n",
       "      <td>-0.550925</td>\n",
       "      <td>0.526988</td>\n",
       "      <td>0.394977</td>\n",
       "      <td>0.749812</td>\n",
       "      <td>-0.090790</td>\n",
       "      <td>0.427606</td>\n",
       "      <td>-0.656249</td>\n",
       "      <td>-0.569607</td>\n",
       "      <td>0.057534</td>\n",
       "      <td>0.274073</td>\n",
       "      <td>1.000000</td>\n",
       "    </tr>\n",
       "  </tbody>\n",
       "</table>\n",
       "</div>"
      ],
      "text/plain": [
       "           mpg       cyl      disp        hp      drat        wt      qsec  \\\n",
       "mpg   1.000000 -0.852162 -0.847551 -0.776168  0.681172 -0.867659  0.418684   \n",
       "cyl  -0.852162  1.000000  0.902033  0.832447 -0.699938  0.782496 -0.591242   \n",
       "disp -0.847551  0.902033  1.000000  0.790949 -0.710214  0.887980 -0.433698   \n",
       "hp   -0.776168  0.832447  0.790949  1.000000 -0.448759  0.658748 -0.708223   \n",
       "drat  0.681172 -0.699938 -0.710214 -0.448759  1.000000 -0.712441  0.091205   \n",
       "wt   -0.867659  0.782496  0.887980  0.658748 -0.712441  1.000000 -0.174716   \n",
       "qsec  0.418684 -0.591242 -0.433698 -0.708223  0.091205 -0.174716  1.000000   \n",
       "vs    0.664039 -0.810812 -0.710416 -0.723097  0.440278 -0.554916  0.744535   \n",
       "am    0.599832 -0.522607 -0.591227 -0.243204  0.712711 -0.692495 -0.229861   \n",
       "gear  0.480285 -0.492687 -0.555569 -0.125704  0.699610 -0.583287 -0.212682   \n",
       "carb -0.550925  0.526988  0.394977  0.749812 -0.090790  0.427606 -0.656249   \n",
       "\n",
       "            vs        am      gear      carb  \n",
       "mpg   0.664039  0.599832  0.480285 -0.550925  \n",
       "cyl  -0.810812 -0.522607 -0.492687  0.526988  \n",
       "disp -0.710416 -0.591227 -0.555569  0.394977  \n",
       "hp   -0.723097 -0.243204 -0.125704  0.749812  \n",
       "drat  0.440278  0.712711  0.699610 -0.090790  \n",
       "wt   -0.554916 -0.692495 -0.583287  0.427606  \n",
       "qsec  0.744535 -0.229861 -0.212682 -0.656249  \n",
       "vs    1.000000  0.168345  0.206023 -0.569607  \n",
       "am    0.168345  1.000000  0.794059  0.057534  \n",
       "gear  0.206023  0.794059  1.000000  0.274073  \n",
       "carb -0.569607  0.057534  0.274073  1.000000  "
      ]
     },
     "execution_count": 60,
     "metadata": {},
     "output_type": "execute_result"
    }
   ],
   "source": [
    "data.corr()"
   ]
  },
  {
   "cell_type": "markdown",
   "id": "7fd3d9c7-cb98-410f-b9b2-02ffe052085c",
   "metadata": {},
   "source": [
    "# Remove non-useful data"
   ]
  },
  {
   "cell_type": "code",
   "execution_count": 61,
   "id": "b0de110c-5147-41d2-937e-479548619a20",
   "metadata": {},
   "outputs": [],
   "source": [
    "numeric_data = data.drop('model', axis = 1)"
   ]
  },
  {
   "cell_type": "code",
   "execution_count": 62,
   "id": "7041c3d5-33b8-4547-ab0a-179705a778be",
   "metadata": {},
   "outputs": [],
   "source": [
    "x_values = numeric_data.drop('mpg', axis = 1).to_numpy()\n",
    "y_values = numeric_data['mpg'].to_numpy()"
   ]
  },
  {
   "cell_type": "markdown",
   "id": "e001cc8f-7dce-4250-a9c9-45e62d300bb2",
   "metadata": {},
   "source": [
    "# Split training and test data sets"
   ]
  },
  {
   "cell_type": "code",
   "execution_count": 63,
   "id": "e26aca9a-58f3-4f7b-b421-7852fe238abe",
   "metadata": {},
   "outputs": [],
   "source": [
    "from sklearn.model_selection import train_test_split as split_data\n",
    "x_train, x_test, y_train, y_test = split_data(x_values, y_values, test_size = 0.3, random_state = 100)"
   ]
  },
  {
   "cell_type": "code",
   "execution_count": 64,
   "id": "a4998417-867e-4937-a055-b9edd4aed568",
   "metadata": {},
   "outputs": [
    {
     "name": "stdout",
     "output_type": "stream",
     "text": [
      "Training set size: 22\n",
      "Testing set size: 10\n"
     ]
    }
   ],
   "source": [
    "print('Training set size:', len(x_train))\n",
    "print('Testing set size:', len(x_test))"
   ]
  },
  {
   "cell_type": "markdown",
   "id": "b81bc2b5-9093-40cf-8829-a2fc997b3e1f",
   "metadata": {},
   "source": [
    "# Normalize X values"
   ]
  },
  {
   "cell_type": "code",
   "execution_count": 65,
   "id": "474bf5e8-5259-4621-8df0-1af4020f1c9c",
   "metadata": {},
   "outputs": [],
   "source": [
    "from sklearn.preprocessing import StandardScaler\n",
    "\n",
    "sc = StandardScaler()\n",
    "x_train_norm = sc.fit_transform(x_train)\n",
    "x_test_norm = sc.transform(x_test)"
   ]
  },
  {
   "cell_type": "markdown",
   "id": "1ffc7678-efe9-48f5-a43a-cf33180d029a",
   "metadata": {},
   "source": [
    "# Make linear regression"
   ]
  },
  {
   "cell_type": "code",
   "execution_count": 66,
   "id": "2657a347-9dfe-46c9-b220-4479756ebd42",
   "metadata": {},
   "outputs": [],
   "source": [
    "from sklearn.linear_model import LinearRegression\n",
    "\n",
    "model = LinearRegression().fit(x_train_norm, y_train)\n",
    "predict = model.predict(x_test_norm)"
   ]
  },
  {
   "cell_type": "markdown",
   "id": "252aa49c-f905-472d-b860-57280619d6b8",
   "metadata": {},
   "source": [
    "# Metrics"
   ]
  },
  {
   "cell_type": "code",
   "execution_count": 67,
   "id": "b662980f-ca8a-4694-bd28-6978a91cae40",
   "metadata": {},
   "outputs": [
    {
     "name": "stdout",
     "output_type": "stream",
     "text": [
      "Coefficient of determination: 0.6212927763062942\n",
      "intercept: 19.58181818181818\n",
      "slope: [ 1.14338472  1.43533865 -0.34735573  1.03875184 -2.8980198   1.33209292\n",
      " -0.34618824  0.4290334   2.71928496 -2.7527498 ]\n",
      "\n",
      "R2: 0.62\n",
      "Mean Absolute Error: 2.31\n",
      "Mean Squared Error: 13.70\n",
      "Root Mean Squared Error: 3.70\n"
     ]
    }
   ],
   "source": [
    "from sklearn import metrics  \n",
    "\n",
    "r_sq = model.score(x_test_norm, y_test)\n",
    "print('Coefficient of determination:', r_sq)\n",
    "print('intercept:', model.intercept_)\n",
    "print('slope:', model.coef_)\n",
    "print('\\nR2: {:0.2f}'.format(metrics.r2_score(y_test, predict)))\n",
    "print('Mean Absolute Error: {:0.2f}'.format(metrics.mean_absolute_error(y_test, predict)))  \n",
    "print('Mean Squared Error: {:0.2f}'.format(metrics.mean_squared_error(y_test, predict)))  \n",
    "print('Root Mean Squared Error: {:0.2f}'.format(np.sqrt(metrics.mean_squared_error(y_test, predict)))) "
   ]
  }
 ],
 "metadata": {
  "kernelspec": {
   "display_name": "Python 3",
   "language": "python",
   "name": "python3"
  },
  "language_info": {
   "codemirror_mode": {
    "name": "ipython",
    "version": 3
   },
   "file_extension": ".py",
   "mimetype": "text/x-python",
   "name": "python",
   "nbconvert_exporter": "python",
   "pygments_lexer": "ipython3",
   "version": "3.8.10"
  }
 },
 "nbformat": 4,
 "nbformat_minor": 5
}
